C:\Python314\python.exe "C:\Users\Levon\Desktop\aoc\Day 10\aoc.py" 
Test A passed!
0 / 3
10
1 / 3
12
2 / 3
11
Test B passed!
A: 475
0 / 178
132
1 / 178
130
2 / 178
46
3 / 178
22
4 / 178
65
5 / 178
67
6 / 178
113
7 / 178
76
8 / 178
75
9 / 178
55
10 / 178
64
11 / 178
36
12 / 178
110
13 / 178
160
14 / 178
172
15 / 178
291
16 / 178
174
17 / 178
287
18 / 178
276
19 / 178
61
20 / 178
27
21 / 178
56
22 / 178
136
23 / 178
94
24 / 178
44
25 / 178
65
26 / 178
76
27 / 178
210
28 / 178
78
29 / 178
64
30 / 178
155
31 / 178
125
32 / 178
38
33 / 178
242
34 / 178
51
35 / 178
110
36 / 178
145
37 / 178
49
38 / 178
65
39 / 178
87
40 / 178
70
41 / 178
61
42 / 178
58
43 / 178
88
44 / 178
99
45 / 178
85
46 / 178
81
47 / 178
174
48 / 178
260
49 / 178
91
50 / 178
57
51 / 178
59
52 / 178
214
53 / 178
114
54 / 178
66
55 / 178
108
56 / 178
201
57 / 178
115
58 / 178
29
59 / 178
13
60 / 178
62
61 / 178
106
62 / 178
40
63 / 178
84
64 / 178
56
65 / 178
55
66 / 178
72
67 / 178
92
68 / 178
46
69 / 178
48
70 / 178
135
71 / 178
58
72 / 178
48
73 / 178
89
74 / 178
216
75 / 178
286
76 / 178
97
77 / 178
219
78 / 178
55
79 / 178
56
80 / 178
29
81 / 178
23
82 / 178
37
83 / 178
60
84 / 178
87
85 / 178
119
86 / 178
62
87 / 178
19
88 / 178
81
89 / 178
46
90 / 178
80
91 / 178
83
92 / 178
12
93 / 178
55
94 / 178
178
95 / 178
30
96 / 178
90
97 / 178
193
98 / 178
50
99 / 178
174
100 / 178
93
101 / 178
99
102 / 178
81
103 / 178
61
104 / 178
247
105 / 178
59
106 / 178
43
107 / 178
82
108 / 178
67
109 / 178
201
110 / 178
94
111 / 178
95
112 / 178
63
113 / 178
89
114 / 178
65
115 / 178
100
116 / 178
199
117 / 178
68
118 / 178
102
119 / 178
75
120 / 178
66
121 / 178
235
122 / 178
90
123 / 178
143
124 / 178
230
125 / 178
76
126 / 178
55
127 / 178
252
128 / 178
75
129 / 178
89
130 / 178
37
131 / 178
213
132 / 178
22
133 / 178
148
134 / 178
66
135 / 178
250
136 / 178
84
137 / 178
98
138 / 178
131
139 / 178
43
140 / 178
109
141 / 178
56
142 / 178
110
143 / 178
126
144 / 178
30
145 / 178
112
146 / 178
29
147 / 178
53
148 / 178
76
149 / 178
260
150 / 178
191
151 / 178
54
152 / 178
81
153 / 178
85
154 / 178
249
155 / 178
17
156 / 178
212
157 / 178
87
158 / 178
84
159 / 178
83
160 / 178
75
161 / 178
63
162 / 178
77
163 / 178
241
164 / 178
133
165 / 178
136
166 / 178
84
167 / 178
183
168 / 178
140
169 / 178
91
170 / 178
65
171 / 178
44
172 / 178
59
173 / 178
129
174 / 178
13
175 / 178
137
176 / 178
211
177 / 178
85
B: 18256

Process finished with exit code 0
